%YAML:1.0
---
image_width:1280
image_height:720
camera_matrix: !!opencv-matrix
 rows: 3
 cols: 3
 dt: f
 data: [1067.34, 0, 646.763, 0, 1055.51, 352.561, 0, 0, 1 ]
distortion_coefficients: !!opencv-matrix
 rows: 1
 cols: 5
 dt: f
 data: [-0.0139691, 0.446758, -0.000503302, 0.00123566, -0.984919 ]
    