%YAML:1.0
---
image_width: 640
image_height: 480
camera_matrix: !!opencv-matrix
   rows: 3
   cols: 3
   dt: f
   data: [ 6.50676392e+02, 0., 3.26128754e+02, 0., 6.43832520e+02,
       2.48231094e+02, 0., 0., 1. ]
distortion_coefficients: !!opencv-matrix
   rows: 1
   cols: 5
   dt: f
   data: [ 1.60385668e-01, -1.28094065e+00, -4.16364273e-05,
       -1.44554814e-03, 2.38428044e+00 ]
